Unnamed: 0,Symbol,Low,Open,Price,Volume,High,Change,Date
0,DANGCEM,173.5,174.7,173.5,0,173.5,-1.2,2019-07-10
1,DANGCEM,174.0,177.0,174.7,0,177.0,-2.3,2019-07-09
2,DANGCEM,176.0,177.0,177.0,0,177.0,0.0,2019-07-08
3,DANGCEM,177.0,177.0,177.0,0,177.0,0.0,2019-07-05
4,DANGCEM,177.0,177.0,177.0,0,180.9,0.0,2019-07-04
5,DANGCEM,179.5,179.9,177.0,0,179.8,-2.9,2019-07-03
6,DANGCEM,179.9,181.0,179.9,0,181.0,-1.1,2019-07-02
7,DANGCEM,181.0,184.0,181.0,0,181.0,-3.0,2019-07-01
8,DANGCEM,184.0,185.0,184.0,0,184.7,-1.0,2019-06-28
9,DANGCEM,179.0,184.0,185.0,0,185.0,1.0,2019-06-27
0,DANGCEM,173.5,174.7,173.5,0,173.5,-1.2,2019-07-10
1,DANGCEM,174.0,177.0,174.7,0,177.0,-2.3,2019-07-09
2,DANGCEM,176.0,177.0,177.0,0,177.0,0.0,2019-07-08
3,DANGCEM,177.0,177.0,177.0,0,177.0,0.0,2019-07-05
4,DANGCEM,177.0,177.0,177.0,0,180.9,0.0,2019-07-04
5,DANGCEM,179.5,179.9,177.0,0,179.8,-2.9,2019-07-03
6,DANGCEM,179.9,181.0,179.9,0,181.0,-1.1,2019-07-02
7,DANGCEM,181.0,184.0,181.0,0,181.0,-3.0,2019-07-01
8,DANGCEM,184.0,185.0,184.0,0,184.7,-1.0,2019-06-28
9,DANGCEM,179.0,184.0,185.0,0,185.0,1.0,2019-06-27
0,DANGCEM,184.0,184.0,184.0,0,184.0,0.0,2019-06-26
1,DANGCEM,184.0,184.0,184.0,0,184.0,0.0,2019-06-25
2,DANGCEM,184.0,184.0,184.0,0,184.0,0.0,2019-06-24
3,DANGCEM,182.0,182.0,184.0,0,184.0,2.0,2019-06-21
4,DANGCEM,182.0,182.0,182.0,0,182.0,0.0,2019-06-20
5,DANGCEM,182.0,182.1,182.0,0,182.2,-0.1,2019-06-19
6,DANGCEM,182.1,182.4,182.1,0,182.4,-0.3,2019-06-18
7,DANGCEM,182.4,184.0,182.4,0,182.4,-1.6,2019-06-17
8,DANGCEM,184.0,183.0,184.0,0,184.0,1.0,2019-06-14
9,DANGCEM,185.0,189.0,185.0,0,185.0,-4.0,2019-06-11
0,DANGCEM,189.0,189.0,189.0,0,189.0,0.0,2019-06-10
1,DANGCEM,180.0,183.8,189.0,0,189.0,5.2,2019-06-06
2,DANGCEM,199.3,199.5,199.8,0,199.8,0.3,2019-06-03
3,DANGCEM,199.0,199.8,199.5,0,199.5,-0.3,2019-05-31
4,DANGCEM,199.0,201.6,199.8,0,200.0,-1.8,2019-05-30
5,DANGCEM,194.0,192.0,201.6,0,201.6,9.6,2019-05-28
6,DANGCEM,192.0,200.0,192.0,0,194.0,-8.0,2019-05-27
7,DANGCEM,194.0,205.0,200.0,0,200.0,-5.0,2019-05-24
8,DANGCEM,194.7,203.0,205.0,0,215.0,2.0,2019-05-23
9,DANGCEM,185.0,185.0,203.0,0,203.0,18.0,2019-05-22
0,DANGCEM,178.0,178.0,185.0,0,185.3,7.0,2019-05-21
1,DANGCEM,177.0,176.0,178.0,0,178.0,2.0,2019-05-20
2,DANGCEM,176.0,176.0,176.0,0,176.0,0.0,2019-05-17
3,DANGCEM,176.0,178.0,176.0,0,178.2,-2.0,2019-05-16
4,DANGCEM,178.0,178.5,178.0,0,178.0,-0.5,2019-05-15
5,DANGCEM,178.5,178.5,178.5,0,178.5,0.0,2019-05-14
6,DANGCEM,178.0,179.0,178.5,0,178.5,-0.5,2019-05-13
7,DANGCEM,179.0,179.0,179.0,0,179.0,0.0,2019-05-10
8,DANGCEM,179.0,179.0,179.0,0,179.5,0.0,2019-05-09
9,DANGCEM,179.0,181.0,179.0,0,180.5,-2.0,2019-05-08
0,DANGCEM,181.0,181.0,181.0,0,182.0,0.0,2019-05-07
1,DANGCEM,181.0,180.0,181.0,0,181.0,1.0,2019-05-06
2,DANGCEM,180.0,180.0,180.0,0,180.1,0.0,2019-05-03
3,DANGCEM,179.0,180.0,180.0,0,180.8,0.0,2019-05-02
4,DANGCEM,180.0,186.0,180.0,0,185.5,-6.0,2019-04-30
5,DANGCEM,185.5,186.9,186.0,0,186.9,-0.9,2019-04-29
6,DANGCEM,186.9,188.0,186.9,0,190.0,-1.1,2019-04-26
7,DANGCEM,187.9,189.2,188.0,0,190.0,-1.2,2019-04-25
8,DANGCEM,189.2,191.0,189.2,0,191.0,-1.8,2019-04-24
9,DANGCEM,190.0,189.0,191.0,0,191.0,2.0,2019-04-23
0,DANGCEM,189.0,188.0,189.0,0,190.0,1.0,2019-04-18
1,DANGCEM,187.5,186.0,188.0,0,188.0,2.0,2019-04-17
2,DANGCEM,186.0,186.0,186.0,0,186.0,0.0,2019-04-16
3,DANGCEM,186.0,189.0,186.0,0,189.0,-3.0,2019-04-15
4,DANGCEM,186.0,186.0,189.0,0,189.0,3.0,2019-04-12
5,DANGCEM,185.0,185.0,186.0,0,186.0,1.0,2019-04-10
6,DANGCEM,185.0,185.5,185.0,0,185.8,-0.5,2019-04-09
7,DANGCEM,175.0,189.0,185.5,0,189.0,-3.5,2019-04-08
8,DANGCEM,189.0,189.0,189.0,0,189.0,0.0,2019-04-05
9,DANGCEM,189.0,190.0,189.0,0,189.0,-1.0,2019-04-04
0,DANGCEM,190.0,193.0,190.0,0,192.0,-3.0,2019-04-03
1,DANGCEM,193.0,191.0,193.0,0,193.0,2.0,2019-04-02
2,DANGCEM,191.0,191.0,191.0,0,191.0,0.0,2019-04-01
3,DANGCEM,191.0,190.0,191.0,0,195.0,1.0,2019-03-29
4,DANGCEM,190.0,190.0,190.0,0,190.0,0.0,2019-03-28
5,DANGCEM,190.0,190.0,190.0,0,190.0,0.0,2019-03-27
6,DANGCEM,188.5,188.5,190.0,0,190.0,1.5,2019-03-26
7,DANGCEM,188.5,189.7,188.5,0,188.8,-1.2,2019-03-25
8,DANGCEM,189.1,188.1,189.7,0,189.7,1.6,2019-03-22
9,DANGCEM,188.1,189.4,188.1,0,189.5,-1.3,2019-03-21
0,DANGCEM,189.4,189.4,189.4,0,189.4,0.0,2019-03-20
1,DANGCEM,189.4,189.9,189.4,0,190.0,-0.5,2019-03-19
2,DANGCEM,189.9,190.0,189.9,0,190.0,-0.1,2019-03-18
3,DANGCEM,190.0,190.0,190.0,0,191.5,0.0,2019-03-15
4,DANGCEM,190.0,192.0,190.0,0,192.0,-2.0,2019-03-14
5,DANGCEM,192.0,194.0,192.0,0,192.0,-2.0,2019-03-13
6,DANGCEM,193.7,195.0,194.0,0,195.0,-1.0,2019-03-12
7,DANGCEM,195.0,195.0,195.0,0,195.0,0.0,2019-03-11
8,DANGCEM,195.0,195.0,195.0,0,195.0,0.0,2019-03-08
9,DANGCEM,195.0,196.5,195.0,0,196.0,-1.5,2019-03-07
0,DANGCEM,195.0,196.0,196.5,0,196.5,0.5,2019-03-06
1,DANGCEM,196.0,197.0,196.0,0,196.9,-1.0,2019-03-05
2,DANGCEM,195.5,196.6,197.0,0,197.0,0.4,2019-03-04
3,DANGCEM,195.0,195.3,196.6,0,196.6,1.3,2019-03-01
4,DANGCEM,192.0,192.5,192.5,0,192.5,0.0,2019-02-27
5,DANGCEM,192.1,192.5,192.5,0,192.5,0.0,2019-02-26
6,DANGCEM,190.5,192.4,192.5,0,192.5,0.1,2019-02-25
7,DANGCEM,192.4,193.0,192.4,0,192.4,-0.6,2019-02-22
8,DANGCEM,192.4,192.4,193.0,0,193.0,0.6,2019-02-21
9,DANGCEM,190.0,192.5,192.4,0,192.4,-0.1,2019-02-20
0,DANGCEM,173.5,174.7,173.5,0,173.5,-1.2,2019-07-10
1,DANGCEM,174.0,177.0,174.7,0,177.0,-2.3,2019-07-09
2,DANGCEM,176.0,177.0,177.0,0,177.0,0.0,2019-07-08
3,DANGCEM,177.0,177.0,177.0,0,177.0,0.0,2019-07-05
4,DANGCEM,177.0,177.0,177.0,0,180.9,0.0,2019-07-04
5,DANGCEM,179.5,179.9,177.0,0,179.8,-2.9,2019-07-03
6,DANGCEM,179.9,181.0,179.9,0,181.0,-1.1,2019-07-02
7,DANGCEM,181.0,184.0,181.0,0,181.0,-3.0,2019-07-01
8,DANGCEM,184.0,185.0,184.0,0,184.7,-1.0,2019-06-28
9,DANGCEM,179.0,184.0,185.0,0,185.0,1.0,2019-06-27
0,DANGCEM,173.5,174.7,173.5,0,173.5,-1.2,2019-07-10
1,DANGCEM,174.0,177.0,174.7,0,177.0,-2.3,2019-07-09
2,DANGCEM,176.0,177.0,177.0,0,177.0,0.0,2019-07-08
3,DANGCEM,177.0,177.0,177.0,0,177.0,0.0,2019-07-05
4,DANGCEM,177.0,177.0,177.0,0,180.9,0.0,2019-07-04
5,DANGCEM,179.5,179.9,177.0,0,179.8,-2.9,2019-07-03
6,DANGCEM,179.9,181.0,179.9,0,181.0,-1.1,2019-07-02
7,DANGCEM,181.0,184.0,181.0,0,181.0,-3.0,2019-07-01
8,DANGCEM,184.0,185.0,184.0,0,184.7,-1.0,2019-06-28
9,DANGCEM,179.0,184.0,185.0,0,185.0,1.0,2019-06-27
0,DANGCEM,173.5,174.7,173.5,0,173.5,-1.2,2019-07-10
1,DANGCEM,174.0,177.0,174.7,0,177.0,-2.3,2019-07-09
2,DANGCEM,176.0,177.0,177.0,0,177.0,0.0,2019-07-08
3,DANGCEM,177.0,177.0,177.0,0,177.0,0.0,2019-07-05
4,DANGCEM,177.0,177.0,177.0,0,180.9,0.0,2019-07-04
5,DANGCEM,179.5,179.9,177.0,0,179.8,-2.9,2019-07-03
6,DANGCEM,179.9,181.0,179.9,0,181.0,-1.1,2019-07-02
7,DANGCEM,181.0,184.0,181.0,0,181.0,-3.0,2019-07-01
8,DANGCEM,184.0,185.0,184.0,0,184.7,-1.0,2019-06-28
9,DANGCEM,179.0,184.0,185.0,0,185.0,1.0,2019-06-27
0,DANGCEM,173.5,174.7,173.5,0,173.5,-1.2,2019-07-10
1,DANGCEM,174.0,177.0,174.7,0,177.0,-2.3,2019-07-09
2,DANGCEM,176.0,177.0,177.0,0,177.0,0.0,2019-07-08
3,DANGCEM,177.0,177.0,177.0,0,177.0,0.0,2019-07-05
4,DANGCEM,177.0,177.0,177.0,0,180.9,0.0,2019-07-04
5,DANGCEM,179.5,179.9,177.0,0,179.8,-2.9,2019-07-03
6,DANGCEM,179.9,181.0,179.9,0,181.0,-1.1,2019-07-02
7,DANGCEM,181.0,184.0,181.0,0,181.0,-3.0,2019-07-01
8,DANGCEM,184.0,185.0,184.0,0,184.7,-1.0,2019-06-28
9,DANGCEM,179.0,184.0,185.0,0,185.0,1.0,2019-06-27
0,DANGCEM,184.0,184.0,184.0,0,184.0,0.0,2019-06-26
1,DANGCEM,184.0,184.0,184.0,0,184.0,0.0,2019-06-25
2,DANGCEM,184.0,184.0,184.0,0,184.0,0.0,2019-06-24
3,DANGCEM,182.0,182.0,184.0,0,184.0,2.0,2019-06-21
4,DANGCEM,182.0,182.0,182.0,0,182.0,0.0,2019-06-20
5,DANGCEM,182.0,182.1,182.0,0,182.2,-0.1,2019-06-19
6,DANGCEM,182.1,182.4,182.1,0,182.4,-0.3,2019-06-18
7,DANGCEM,182.4,184.0,182.4,0,182.4,-1.6,2019-06-17
8,DANGCEM,184.0,183.0,184.0,0,184.0,1.0,2019-06-14
9,DANGCEM,185.0,189.0,185.0,0,185.0,-4.0,2019-06-11
0,DANGCEM,189.0,189.0,189.0,0,189.0,0.0,2019-06-10
1,DANGCEM,180.0,183.8,189.0,0,189.0,5.2,2019-06-06
2,DANGCEM,199.3,199.5,199.8,0,199.8,0.3,2019-06-03
3,DANGCEM,199.0,199.8,199.5,0,199.5,-0.3,2019-05-31
4,DANGCEM,199.0,201.6,199.8,0,200.0,-1.8,2019-05-30
5,DANGCEM,194.0,192.0,201.6,0,201.6,9.6,2019-05-28
6,DANGCEM,192.0,200.0,192.0,0,194.0,-8.0,2019-05-27
7,DANGCEM,194.0,205.0,200.0,0,200.0,-5.0,2019-05-24
8,DANGCEM,194.7,203.0,205.0,0,215.0,2.0,2019-05-23
9,DANGCEM,185.0,185.0,203.0,0,203.0,18.0,2019-05-22
0,DANGCEM,178.0,178.0,185.0,0,185.3,7.0,2019-05-21
1,DANGCEM,177.0,176.0,178.0,0,178.0,2.0,2019-05-20
2,DANGCEM,176.0,176.0,176.0,0,176.0,0.0,2019-05-17
3,DANGCEM,176.0,178.0,176.0,0,178.2,-2.0,2019-05-16
4,DANGCEM,178.0,178.5,178.0,0,178.0,-0.5,2019-05-15
5,DANGCEM,178.5,178.5,178.5,0,178.5,0.0,2019-05-14
6,DANGCEM,178.0,179.0,178.5,0,178.5,-0.5,2019-05-13
7,DANGCEM,179.0,179.0,179.0,0,179.0,0.0,2019-05-10
8,DANGCEM,179.0,179.0,179.0,0,179.5,0.0,2019-05-09
9,DANGCEM,179.0,181.0,179.0,0,180.5,-2.0,2019-05-08
0,DANGCEM,181.0,181.0,181.0,0,182.0,0.0,2019-05-07
1,DANGCEM,181.0,180.0,181.0,0,181.0,1.0,2019-05-06
2,DANGCEM,180.0,180.0,180.0,0,180.1,0.0,2019-05-03
3,DANGCEM,179.0,180.0,180.0,0,180.8,0.0,2019-05-02
4,DANGCEM,180.0,186.0,180.0,0,185.5,-6.0,2019-04-30
5,DANGCEM,185.5,186.9,186.0,0,186.9,-0.9,2019-04-29
6,DANGCEM,186.9,188.0,186.9,0,190.0,-1.1,2019-04-26
7,DANGCEM,187.9,189.2,188.0,0,190.0,-1.2,2019-04-25
8,DANGCEM,189.2,191.0,189.2,0,191.0,-1.8,2019-04-24
9,DANGCEM,190.0,189.0,191.0,0,191.0,2.0,2019-04-23
0,DANGCEM,189.0,188.0,189.0,0,190.0,1.0,2019-04-18
1,DANGCEM,187.5,186.0,188.0,0,188.0,2.0,2019-04-17
2,DANGCEM,186.0,186.0,186.0,0,186.0,0.0,2019-04-16
3,DANGCEM,186.0,189.0,186.0,0,189.0,-3.0,2019-04-15
4,DANGCEM,186.0,186.0,189.0,0,189.0,3.0,2019-04-12
5,DANGCEM,185.0,185.0,186.0,0,186.0,1.0,2019-04-10
6,DANGCEM,185.0,185.5,185.0,0,185.8,-0.5,2019-04-09
7,DANGCEM,175.0,189.0,185.5,0,189.0,-3.5,2019-04-08
8,DANGCEM,189.0,189.0,189.0,0,189.0,0.0,2019-04-05
9,DANGCEM,189.0,190.0,189.0,0,189.0,-1.0,2019-04-04
0,DANGCEM,190.0,193.0,190.0,0,192.0,-3.0,2019-04-03
1,DANGCEM,193.0,191.0,193.0,0,193.0,2.0,2019-04-02
2,DANGCEM,191.0,191.0,191.0,0,191.0,0.0,2019-04-01
3,DANGCEM,191.0,190.0,191.0,0,195.0,1.0,2019-03-29
4,DANGCEM,190.0,190.0,190.0,0,190.0,0.0,2019-03-28
5,DANGCEM,190.0,190.0,190.0,0,190.0,0.0,2019-03-27
6,DANGCEM,188.5,188.5,190.0,0,190.0,1.5,2019-03-26
7,DANGCEM,188.5,189.7,188.5,0,188.8,-1.2,2019-03-25
8,DANGCEM,189.1,188.1,189.7,0,189.7,1.6,2019-03-22
9,DANGCEM,188.1,189.4,188.1,0,189.5,-1.3,2019-03-21
0,DANGCEM,189.4,189.4,189.4,0,189.4,0.0,2019-03-20
1,DANGCEM,189.4,189.9,189.4,0,190.0,-0.5,2019-03-19
2,DANGCEM,189.9,190.0,189.9,0,190.0,-0.1,2019-03-18
3,DANGCEM,190.0,190.0,190.0,0,191.5,0.0,2019-03-15
4,DANGCEM,190.0,192.0,190.0,0,192.0,-2.0,2019-03-14
5,DANGCEM,192.0,194.0,192.0,0,192.0,-2.0,2019-03-13
6,DANGCEM,193.7,195.0,194.0,0,195.0,-1.0,2019-03-12
7,DANGCEM,195.0,195.0,195.0,0,195.0,0.0,2019-03-11
8,DANGCEM,195.0,195.0,195.0,0,195.0,0.0,2019-03-08
9,DANGCEM,195.0,196.5,195.0,0,196.0,-1.5,2019-03-07
