S/N,State,Female_2017,Male_2017,Total_2017,Females_2018,Males_2018,Total_2018
1,ABIA                ,27351.0,24299.0,51650.0,25487.0,22361.0,47848.0
2,ADAMAWA             ,9187.0,14056.0,23243.0,8636.0,13587.0,22223.0
3,AKWA IBOM           ,32081.0,30260.0,62341.0,30120.0,27737.0,57857.0
4,ANAMBRA             ,42764.0,34688.0,77452.0,40242.0,32629.0,72871.0
5,BAUCHI              ,6681.0,18427.0,25108.0,6615.0,18287.0,24902.0
6,BAYELSA             ,9416.0,9831.0,19247.0,9676.0,9775.0,19451.0
7,BENUE               ,27239.0,41731.0,68970.0,25514.0,37602.0,63116.0
8,BORNO               ,9547.0,15351.0,24898.0,10482.0,18054.0,28536.0
9,CROSS RIVER         ,15948.0,18838.0,34786.0,14437.0,16147.0,30584.0
10,DELTA               ,41554.0,39924.0,81478.0,41373.0,38758.0,80131.0
11,EBONYI              ,14962.0,16412.0,31374.0,14418.0,15424.0,29842.0
12,EDO                 ,33260.0,33001.0,66261.0,33826.0,32726.0,66552.0
13,EKITI               ,20250.0,21845.0,42095.0,21161.0,22119.0,43280.0
14,ENUGU               ,37086.0,30569.0,67655.0,34877.0,27762.0,62639.0
15,FCT                 ,2192.0,4078.0,6270.0,2411.0,4027.0,6438.0
16,GOMBE               ,8288.0,15623.0,23911.0,9021.0,16274.0,25295.0
17,IMO                 ,55593.0,46595.0,102188.0,50866.0,42182.0,93048.0
18,JIGAWA              ,4056.0,15217.0,19273.0,4109.0,14256.0,18365.0
19,KADUNA              ,28272.0,43947.0,72219.0,26854.0,39138.0,65992.0
20,KANO                ,21517.0,48981.0,70498.0,21066.0,43752.0,64818.0
21,KATSINA             ,7098.0,25241.0,32339.0,6985.0,22597.0,29582.0
22,KEBBI               ,3499.0,10428.0,13927.0,4053.0,11288.0,15341.0
23,KOGI                ,30889.0,39308.0,70197.0,27688.0,34287.0,61975.0
24,KWARA               ,29263.0,34718.0,63981.0,29718.0,33779.0,63497.0
25,LAGOS               ,15180.0,16263.0,31443.0,15375.0,16062.0,31437.0
26,NASARAWA            ,12785.0,22968.0,35753.0,13298.0,22927.0,36225.0
27,NIGER               ,8349.0,17894.0,26243.0,8827.0,17381.0,26208.0
28,OGUN                ,41190.0,40346.0,81536.0,41006.0,39447.0,80453.0
29,ONDO                ,32060.0,34851.0,66911.0,31342.0,32608.0,63950.0
30,OSUN                ,42600.0,46203.0,88803.0,41893.0,44172.0,86065.0
31,OYO                 ,42772.0,45055.0,87827.0,42910.0,43777.0,86687.0
32,PLATEAU             ,18581.0,26052.0,44633.0,18451.0,25150.0,43601.0
33,RIVERS              ,21838.0,23386.0,45224.0,21006.0,21554.0,42560.0
34,SOKOTO              ,2691.0,11787.0,14478.0,2926.0,10567.0,13493.0
35,TARABA              ,7593.0,15824.0,23417.0,7530.0,14824.0,22354.0
36,YOBE                ,3825.0,9942.0,13767.0,4315.0,11221.0,15536.0
37,ZAMFARA             ,2209.0,8313.0,10522.0,2279.0,7811.0,10090.0
38,OTHERS,167.0,184.0,351.0,158.0,127.0,285.0
,TOTAL,769833.0,952436.0,1722269.0,750951.0,902176.0,1653127.0
